200      0.272675
300      0.667750
400      1.073807
500      1.469889
600      1.856043
700      2.240690
800      2.606858
900      2.965787
1000      3.317344
1100      3.665971
1200      3.982665
1300      4.309068
1400      4.618890
1500      4.915493
1600      5.212129
1700      5.512786
1800      5.783968
1900      6.065727
2000      6.354585
2100      6.637769
2200      6.931239
2300      7.227303
2400      7.540298
2500      7.834209
2600      8.140593
2700      8.452446
2800      8.752699
2900      9.051845
3000      9.351184
3100      9.611406
3200      9.840473
3300      10.055251
3400      10.254820
3500      10.426718
3600      10.622452
3700      10.812555
3800      11.016732
3900      11.225120
4000      11.395953
4100      11.539240
4200      11.654374
4300      11.749278
4400      11.837972
4500      11.950183
4600      12.052134
4700      12.134760
4800      12.253722
4900      12.392846
5000      12.553613
5100      12.764315
5200      12.969913
5300      13.166230
5400      13.364655
5500      13.554795
5600      13.754046
5700      13.964452
5800      14.148447
5900      14.343543
6000      14.536046
6100      14.697547
6200      14.841168
6300      15.014787
6400      15.219944
6500      15.428755
6600      15.625017
6700      15.794573
6800      15.960842
6900      16.126741
7000      16.255175
7100      16.397618
7200      16.516350
7300      16.640628
7400      16.788107
7500      16.926690
7600      17.046346
7700      17.163302
7800      17.267000
7900      17.348036
8000      17.491972
8100      17.630831
8200      17.746140
8300      17.866097
8400      17.945390
8500      18.007901
8600      18.079359
8700      18.139173
8800      18.244883
8900      18.397554
9000      18.560203
9100      18.718214
9200      18.888068
9300      19.078941
9400      19.263071
9500      19.447036
9600      19.580655
9700      19.738873
9800      19.903207
9900      20.049260
10000      20.217998
0      20.381495
